0 0.656172 0.528320 0.089531 0.214063
0 0.268367 0.388018 0.022953 0.022793
0 0.808047 0.457324 0.038281 0.056836
0 0.084641 0.480479 0.072906 0.311504
0 0.163359 0.449658 0.038750 0.076855
0 0.294031 0.471641 0.066094 0.250977
0 0.421898 0.496035 0.053078 0.200195
0 0.376594 0.488711 0.058438 0.246094
0 0.344578 0.482051 0.045625 0.216367
0 0.762852 0.554883 0.183984 0.396094
0 0.041617 0.517061 0.083234 0.296348
0 0.883141 0.491016 0.177813 0.610547
0 0.200312 0.520518 0.107969 0.233223
0 0.251852 0.447139 0.049453 0.061816
0 0.281250 0.535645 0.077813 0.213477
