0 0.452969 0.512012 0.008750 0.052539
0 0.433563 0.512598 0.012875 0.045898
0 0.149422 0.520488 0.125406 0.292539
0 0.219859 0.466602 0.035250 0.058125
0 0.244953 0.507666 0.045906 0.128262
0 0.447133 0.515488 0.012609 0.052852
0 0.410859 0.506445 0.007344 0.018945
0 0.420000 0.503926 0.007812 0.015039
0 0.292914 0.507500 0.057109 0.141367
0 0.195367 0.456113 0.050391 0.075586
0 0.076945 0.490068 0.074453 0.195449
0 0.392766 0.506289 0.007656 0.018555
0 0.328578 0.498437 0.057469 0.118828
0 0.361594 0.500557 0.047062 0.110879
0 0.402078 0.505391 0.007187 0.019727
