0 0.868344 0.397461 0.059531 0.126563
0 0.681953 0.500781 0.034844 0.167969
0 0.886328 0.545898 0.097656 0.290625
0 0.635133 0.462061 0.024016 0.047871
0 0.821555 0.351064 0.034734 0.040215
0 0.726953 0.498047 0.043594 0.198438
0 0.147680 0.476084 0.089953 0.200957
0 0.659375 0.502246 0.021562 0.155273
0 0.203234 0.440000 0.047500 0.084844
0 0.347625 0.436582 0.050625 0.074023
0 0.614719 0.502627 0.035313 0.157598
0 0.703750 0.492871 0.034687 0.177148
0 0.784141 0.504609 0.123906 0.463281
0 0.579602 0.488242 0.078609 0.238281
0 0.419227 0.491328 0.124391 0.433789
0 0.264734 0.479805 0.138281 0.226563
0 0.483359 0.407168 0.055469 0.178516
