0 0.861453 0.557871 0.175719 0.526289
0 0.145547 0.510781 0.069187 0.183086
0 0.158047 0.381426 0.071719 0.205742
0 0.424203 0.409512 0.016875 0.032070
0 0.352930 0.456895 0.024609 0.049453
0 0.591609 0.503193 0.068844 0.376035
0 0.375758 0.501494 0.025984 0.164590
0 0.978086 0.374229 0.043828 0.164824
0 0.616547 0.542715 0.106281 0.320977
0 0.327391 0.499395 0.034906 0.169102
0 0.403578 0.497969 0.059531 0.216641
0 0.072375 0.480234 0.144750 0.544727
0 0.524742 0.494844 0.091984 0.406094
0 0.458867 0.501738 0.065078 0.336680
