0 0.197750 0.444961 0.040125 0.056563
0 0.500156 0.510059 0.046875 0.187305
0 0.544172 0.512090 0.022406 0.060508
0 0.127312 0.533887 0.205375 0.309570
0 0.931250 0.483398 0.046875 0.060547
0 0.165625 0.419609 0.050000 0.047500
0 0.879687 0.479492 0.043750 0.080078
0 0.233680 0.447813 0.077047 0.094844
0 0.372922 0.483770 0.040156 0.057813
0 0.266172 0.469395 0.032656 0.065039
0 0.519531 0.505762 0.038125 0.176758
0 0.439531 0.491045 0.093750 0.343027
0 0.360211 0.477783 0.015922 0.020879
0 0.386813 0.457832 0.017625 0.044687
0 0.309922 0.468018 0.112656 0.459082
