0 0.296516 0.487158 0.057906 0.228223
0 0.103672 0.489707 0.100469 0.288086
0 0.608086 0.468867 0.076172 0.229688
0 0.494781 0.539531 0.130938 0.374023
0 0.466469 0.358145 0.081750 0.162695
0 0.169984 0.488223 0.045031 0.182695
0 0.393109 0.486074 0.100312 0.480078
0 0.949289 0.474297 0.101422 0.685547
0 0.248203 0.489307 0.043906 0.188770
0 0.276898 0.481348 0.036203 0.216797
0 0.816547 0.562754 0.229719 0.673359
0 0.038664 0.623955 0.077328 0.086855
0 0.196344 0.441475 0.027625 0.054160
0 0.225539 0.490459 0.028453 0.177402
0 0.334352 0.518047 0.038922 0.147461
