0 0.277031 0.412207 0.032813 0.045508
0 0.811750 0.462793 0.044313 0.067773
0 0.102828 0.502646 0.097156 0.311504
0 0.178750 0.472656 0.038750 0.084375
0 0.303828 0.485645 0.066094 0.250977
0 0.281250 0.535645 0.077813 0.213477
0 0.435156 0.502441 0.060937 0.200195
0 0.383594 0.498047 0.058437 0.246094
0 0.354375 0.496387 0.045625 0.225195
0 0.778281 0.563281 0.194687 0.396094
0 0.054688 0.544141 0.104688 0.289844
0 0.885469 0.503320 0.177813 0.606250
0 0.218047 0.530762 0.107969 0.223242
0 0.663828 0.532422 0.104844 0.222266
