0 0.411875 0.515430 0.043750 0.112109
0 0.563203 0.503711 0.038906 0.132422
0 0.504000 0.459678 0.015969 0.027559
0 0.377344 0.478418 0.019500 0.023906
0 0.720313 0.524414 0.131250 0.291016
0 0.492344 0.510059 0.013437 0.121680
0 0.446328 0.511719 0.022031 0.117188
0 0.464453 0.508203 0.036719 0.123828
0 0.648750 0.468164 0.070625 0.127344
0 0.835000 0.549902 0.124063 0.318945
0 0.778125 0.443945 0.046875 0.065234
0 0.592969 0.477832 0.029687 0.084570
0 0.510859 0.509766 0.032344 0.128906
0 0.478750 0.508203 0.019687 0.122266
