0 0.535625 0.507812 0.042500 0.156250
0 0.722422 0.543457 0.088594 0.235352
0 0.598437 0.504102 0.053125 0.166406
0 0.357344 0.499414 0.128750 0.385547
0 0.812578 0.507715 0.117344 0.327930
0 0.428203 0.520020 0.043906 0.126758
0 0.518437 0.509766 0.030625 0.148438
0 0.460156 0.513086 0.031875 0.137891
0 0.913828 0.568066 0.172344 0.598633
0 0.714063 0.548730 0.076250 0.213477
0 0.636172 0.473047 0.037031 0.102344
0 0.527406 0.448242 0.012188 0.022734
0 0.498797 0.511914 0.026438 0.143906
0 0.481797 0.510547 0.044219 0.143750
