0 0.863281 0.555176 0.226562 0.462695
0 0.646641 0.468555 0.029219 0.097266
0 0.947734 0.434375 0.076719 0.130469
0 0.554922 0.505371 0.051719 0.147461
0 0.481797 0.506738 0.024531 0.133398
0 0.724961 0.529297 0.057734 0.205859
0 0.405547 0.469727 0.020469 0.029297
0 0.986094 0.507617 0.027812 0.368359
0 0.775469 0.440918 0.083437 0.165039
0 0.281719 0.488379 0.219687 0.650977
0 0.614297 0.502246 0.049531 0.159961
0 0.502266 0.504980 0.038594 0.140039
0 0.446641 0.511621 0.049531 0.124805
0 0.548086 0.445811 0.011609 0.025996
0 0.516352 0.505381 0.023766 0.137715
0 0.534375 0.506836 0.031250 0.138672
