0 0.533281 0.503125 0.034687 0.132031
0 0.529922 0.446953 0.014625 0.023906
0 0.516891 0.503320 0.020063 0.128672
0 0.498437 0.502246 0.020625 0.129883
0 0.588672 0.499512 0.041406 0.147461
0 0.482578 0.502148 0.034531 0.130859
0 0.853672 0.437012 0.044844 0.095508
0 0.789922 0.541309 0.148281 0.383398
0 0.922109 0.543164 0.125469 0.374219
0 0.619688 0.469336 0.027813 0.091016
0 0.431797 0.511914 0.047969 0.113281
0 0.464141 0.504395 0.025469 0.123242
0 0.054297 0.276465 0.108594 0.552930
0 0.390781 0.467480 0.015937 0.027148
0 0.679063 0.523047 0.070000 0.183594
0 0.729750 0.446875 0.071375 0.135547
