0 0.281828 0.474199 0.040875 0.051797
0 0.123664 0.516191 0.067172 0.165156
0 0.177727 0.535088 0.122672 0.237949
0 0.162859 0.426260 0.044781 0.108457
0 0.196727 0.462998 0.029672 0.037793
0 0.243477 0.470342 0.048141 0.053887
0 0.295008 0.457764 0.038109 0.083301
0 0.322328 0.535137 0.063469 0.173086
0 0.356148 0.508047 0.047797 0.111641
0 0.359109 0.458477 0.035375 0.059727
0 0.436305 0.511543 0.011453 0.037891
0 0.412609 0.507930 0.010000 0.013086
0 0.389406 0.502852 0.007656 0.022461
0 0.400109 0.512227 0.012500 0.031836
