0 0.439531 0.502246 0.093750 0.341602
0 0.360344 0.480811 0.015656 0.020879
0 0.388969 0.462559 0.017625 0.044688
0 0.318984 0.490234 0.130781 0.456641
0 0.879687 0.479492 0.043750 0.080078
0 0.931250 0.483398 0.046875 0.060547
0 0.204141 0.468066 0.044844 0.065820
0 0.500156 0.510059 0.046875 0.181445
0 0.546039 0.511504 0.028016 0.060508
0 0.130312 0.559082 0.214062 0.309570
0 0.165938 0.451953 0.060000 0.071875
0 0.239375 0.464160 0.069687 0.092383
0 0.372109 0.489844 0.040156 0.057813
0 0.268203 0.481152 0.036719 0.065039
0 0.520234 0.506348 0.040469 0.176758
