0 0.158438 0.543350 0.125406 0.286230
0 0.243828 0.524561 0.045906 0.128262
0 0.296289 0.522988 0.057109 0.141367
0 0.412937 0.509277 0.007344 0.018945
0 0.446922 0.517676 0.010312 0.051758
0 0.453125 0.513477 0.007188 0.049609
0 0.338430 0.511816 0.045641 0.118828
0 0.394656 0.508887 0.007656 0.018555
0 0.423016 0.504395 0.007812 0.015039
0 0.435984 0.512207 0.010937 0.045117
0 0.403016 0.508691 0.007188 0.019727
0 0.362719 0.510752 0.047062 0.107402
0 0.200430 0.474414 0.050391 0.075586
0 0.084820 0.503467 0.074453 0.171465
