0 0.124016 0.543633 0.138844 0.329609
0 0.179156 0.506895 0.054312 0.149766
0 0.298094 0.518799 0.066000 0.145566
0 0.230664 0.513545 0.047578 0.129473
0 0.340680 0.508984 0.049266 0.132969
0 0.435922 0.507949 0.011875 0.022461
0 0.450391 0.513809 0.016719 0.051758
0 0.466250 0.514395 0.010312 0.050977
0 0.459219 0.512930 0.007187 0.042188
0 0.406156 0.507266 0.008281 0.016797
0 0.416000 0.507852 0.007969 0.019922
0 0.425297 0.509023 0.008437 0.019141
0 0.372469 0.514766 0.041594 0.106445
0 0.044508 0.496396 0.085109 0.188965
