0 0.420109 0.422324 0.016875 0.032070
0 0.349844 0.464570 0.025875 0.049453
0 0.579234 0.513936 0.075906 0.375410
0 0.845563 0.576045 0.180594 0.520020
0 0.152688 0.536270 0.069187 0.183086
0 0.158062 0.410723 0.083969 0.205742
0 0.374766 0.508887 0.028906 0.165039
0 0.967891 0.339844 0.064219 0.261719
0 0.606484 0.545703 0.113281 0.304687
0 0.328203 0.510938 0.037344 0.172656
0 0.395391 0.506152 0.059531 0.211523
0 0.076484 0.518457 0.146719 0.544727
0 0.514687 0.513281 0.105000 0.403125
0 0.457891 0.517676 0.072969 0.340430
