0 0.301398 0.497959 0.059484 0.224043
0 0.104766 0.510059 0.123906 0.288086
0 0.606328 0.481250 0.081094 0.229687
0 0.492656 0.556348 0.130938 0.374023
0 0.462578 0.381152 0.086719 0.162695
0 0.174063 0.499219 0.051562 0.178125
0 0.395937 0.509961 0.100312 0.480078
0 0.938281 0.486523 0.123438 0.685547
0 0.250859 0.502832 0.042656 0.187305
0 0.273203 0.494141 0.047656 0.216797
0 0.808906 0.594609 0.236875 0.673359
0 0.045039 0.642559 0.090078 0.097500
0 0.198984 0.455313 0.031281 0.056250
0 0.225945 0.502236 0.028453 0.177402
