0 0.720000 0.498047 0.041875 0.198438
0 0.165000 0.501563 0.110313 0.208594
0 0.662422 0.502246 0.027656 0.155273
0 0.217500 0.468066 0.047500 0.100195
0 0.357812 0.449316 0.050625 0.074023
0 0.619219 0.512402 0.035313 0.143164
0 0.699688 0.492871 0.044688 0.177148
0 0.787656 0.516992 0.130938 0.463281
0 0.583047 0.493359 0.081406 0.238281
0 0.433984 0.510449 0.129531 0.433789
0 0.274922 0.500195 0.138281 0.226563
0 0.487422 0.422461 0.067656 0.178516
0 0.869766 0.401855 0.059531 0.135352
0 0.017656 0.287012 0.035313 0.179883
0 0.681953 0.500781 0.032344 0.167969
0 0.888125 0.549023 0.101250 0.293359
0 0.636781 0.462568 0.026469 0.047871
0 0.822258 0.354600 0.034734 0.040215
