0 0.595234 0.474707 0.025156 0.078320
0 0.477797 0.505742 0.016594 0.122266
0 0.784602 0.437979 0.039516 0.063105
0 0.838922 0.544297 0.124063 0.318945
0 0.659242 0.457686 0.061297 0.122910
0 0.463266 0.506025 0.036719 0.125723
0 0.445531 0.507773 0.022031 0.117188
0 0.492203 0.509316 0.013438 0.121680
0 0.722000 0.538086 0.131250 0.335156
0 0.375383 0.472832 0.014234 0.022305
0 0.503977 0.457168 0.015484 0.021992
0 0.565461 0.512041 0.036547 0.149746
0 0.408523 0.510938 0.040172 0.112109
0 0.511984 0.509082 0.032344 0.130898
