0 0.866672 0.542432 0.226562 0.471191
0 0.481563 0.506738 0.024531 0.133398
0 0.559844 0.505371 0.041875 0.147461
0 0.957758 0.427734 0.070828 0.130469
0 0.649484 0.463242 0.029219 0.084844
0 0.502578 0.504980 0.028906 0.140039
0 0.617344 0.504590 0.043438 0.164648
0 0.304945 0.462383 0.168328 0.650977
0 0.784906 0.424346 0.083437 0.159902
0 0.404219 0.465127 0.017812 0.024824
0 0.725992 0.527168 0.057734 0.205859
0 0.535234 0.506836 0.019219 0.138672
0 0.517867 0.505381 0.020734 0.137715
0 0.443437 0.508652 0.044062 0.124805
