0 0.538516 0.503125 0.027031 0.132031
0 0.731938 0.432148 0.067000 0.129453
0 0.681797 0.521816 0.063906 0.183594
0 0.390547 0.460840 0.014531 0.022461
0 0.048438 0.238867 0.096875 0.477734
0 0.465312 0.504395 0.023125 0.123242
0 0.428070 0.507227 0.043234 0.113281
0 0.622766 0.465234 0.027813 0.082812
0 0.921141 0.540273 0.134844 0.380859
0 0.789922 0.533301 0.148281 0.389648
0 0.861187 0.420117 0.044844 0.069531
0 0.483281 0.500957 0.034531 0.130859
0 0.590703 0.503809 0.037344 0.156055
0 0.499648 0.500469 0.017734 0.129883
0 0.518094 0.502285 0.018187 0.129570
0 0.531586 0.445479 0.011297 0.021543
