0 0.400859 0.507070 0.012500 0.031836
0 0.123664 0.516191 0.067172 0.165156
0 0.170703 0.517285 0.128906 0.242773
0 0.155555 0.407002 0.052672 0.113340
0 0.190000 0.443359 0.033750 0.037891
0 0.235055 0.451709 0.048141 0.053887
0 0.278047 0.465234 0.040875 0.062891
0 0.291094 0.446230 0.040000 0.088555
0 0.322328 0.527832 0.063469 0.187695
0 0.353617 0.494180 0.052453 0.113594
0 0.358844 0.449863 0.037000 0.067461
0 0.435937 0.509580 0.011250 0.041816
0 0.413359 0.505352 0.010000 0.013086
0 0.388539 0.498799 0.008547 0.022598
