0 0.433563 0.503437 0.011875 0.022461
0 0.172141 0.486367 0.057406 0.149766
0 0.115820 0.519746 0.142734 0.348008
0 0.422156 0.505293 0.008437 0.019141
0 0.043945 0.464717 0.085109 0.188965
0 0.413172 0.503730 0.007969 0.019922
0 0.465781 0.512031 0.010312 0.050977
0 0.403328 0.503926 0.008281 0.016797
0 0.459602 0.510957 0.012984 0.042188
0 0.448188 0.511445 0.016719 0.051758
0 0.366961 0.497461 0.044672 0.110938
0 0.330156 0.495586 0.064062 0.139219
0 0.233555 0.497412 0.054297 0.129473
0 0.293211 0.500713 0.063266 0.145566
