0 0.733633 0.493984 0.145078 0.681445
0 0.516172 0.493945 0.072656 0.276953
0 0.435266 0.506191 0.028531 0.197422
0 0.233953 0.628379 0.189594 0.171250
0 0.627734 0.504717 0.063281 0.254238
0 0.567344 0.499512 0.047187 0.241602
0 0.116953 0.426641 0.116406 0.550625
0 0.612172 0.498418 0.055344 0.240664
0 0.891172 0.567402 0.210312 0.545313
0 0.422352 0.511113 0.012484 0.178086
0 0.821531 0.523584 0.116812 0.620801
0 0.076945 0.441016 0.153891 0.441797
0 0.210422 0.484512 0.072812 0.261836
0 0.465313 0.500000 0.052500 0.250000
